BLEU: 15.506551298490983
CHRF: 36.29121430752617
TER: 83.5171568627451
